INPUT: 
1 4.1 7.2 10.3 13.4 16.5 19.6 22.7 25.8 28.9 32 35.1 38.2 41.3 44.4 47.5 50.6 53.7 56.8 59.9 63 66.1 69.2 72.3 75.4 78.5 81.6 84.7 87.8 90.9 94 97.1 100.2 103.3 106.4 109.5 112.6 115.7 118.8 121.9 125 128.1 131.2 134.3 137.4 140.5 143.6 146.7 149.8 152.9 156 159.1 162.2 165.3 168.4 171.5 174.6 177.7 180.8 183.9 187 190.1 193.2 196.3 199.4 202.5 205.6 208.7 211.8 214.9 218 221.1 224.2 227.3 230.4 233.5 236.6 239.7 242.8 245.9 249 252.1 255.2 258.3 261.4 264.5 267.6 270.7 273.8 276.9 280 283.1 286.2 289.3 292.4 295.5 298.6 301.7 304.8 307.9


PROFILING:
ime in for Loop in ms: 
0.07000000186963007
Time in the rest of code in ms: 
0.06999999459367245
Num of addUps:  200
Num of toPower:  101
Num of multiply:  2
Num of subtract:  2
Num of divide:  2
Num of squareRoot:  1 

OUTPUT:

89.93562512523422